1751106326787 0.9999999826699242 0
1751106337722 0.9999999826699242 0
1751106348766 0.9999999826699242 0
1751106359377 0.9999999826699242 0
1751106369488 0.9999999826699242 0
1751106380135 0.9999999826699241 0
1751106391110 0.9999999826699242 0
1751106401041 0.9999999826699242 0
1751106410603 0.9999999826699242 0
1751106420565 0.9999999826699242 0
1751106430491 0.9999999826699242 0
1751106441282 0.9999999826699242 0
1751106450855 0.9999999826699242 0
1751106460514 0.9999999826699242 0
1751106470645 0.9999994627676492 0
1751106481281 0.9999999480097725 0
1751106491118 0.9999999480097724 0
1751106501802 0.9999999480097724 0
1751106511575 0.9999999826699242 0
1751106521556 0.9999999826699242 0
1751106531379 0.9999999480097727 0
