1751106326787 0.9999103115799275 0
1751106337722 0.9999103115799275 0
1751106348766 0.9999103115799275 0
1751106359377 0.9999103115799275 0
1751106369488 0.9999103115799275 0
1751106380135 0.9999103115799275 0
1751106391110 0.9999103162209687 0
1751106401041 0.9999103115799275 0
1751106410603 0.9999103115799275 0
1751106420565 0.9999103115799275 0
1751106430491 0.99982061851343 0
1751106441282 0.9999103115799275 0
1751106450855 0.99982061851343 0
1751106460514 0.9999103162209687 0
1751106470645 0.9999103115799275 0
1751106481281 0.9999103115799275 0
1751106491118 0.9999103115799275 0
1751106501802 0.9998206278026905 0
1751106511575 0.99982061851343 0
1751106521556 0.9999103162209687 0
1751106531379 0.9998206278026905 0
