1751106328499 0.9999103139013453 0
1751106339484 0.9999103139013453 0
1751106350937 0.9999103139013453 0
1751106361225 0.9999103139013453 0
1751106371410 0.9999103139013453 0
1751106381930 0.9999103139013453 0
1751106392879 0.9999103139013453 0
1751106402715 0.9999103139013453 0
1751106412277 0.9999103139013453 0
1751106422275 0.9999103139013453 0
1751106432333 0.9998206278026905 0
1751106442952 0.9999103139013453 0
1751106452539 0.9998206278026905 0
1751106462159 0.9999103139013453 0
1751106472411 0.9999103139013453 0
1751106482979 0.9999103139013453 0
1751106493573 0.9999103139013453 0
1751106503470 0.9998206278026905 0
1751106513248 0.9998206278026905 0
1751106523249 0.9999103139013453 0
1751106533095 0.9998206278026905 0
