1751106326787 0.13498214208813503 0
1751106337722 0.13458818719025303 0
1751106348766 0.1351080780658458 0
1751106359377 0.1351879715897448 0
1751106369488 0.13526504080222307 0
1751106380135 0.1349231414966444 0
1751106391110 0.13446076364277776 0
1751106401041 0.1355011529375422 0
1751106410603 0.13543381952204933 0
1751106420565 0.13482381111977332 0
1751106430491 0.13514720234549066 0
1751106441282 0.13492155013738683 0
1751106450855 0.13450532332748022 0
1751106460514 0.13476780266261104 0
1751106470645 0.13484523763040662 0
1751106481281 0.13490779803458017 0
1751106491118 0.13493999723482344 0
1751106501802 0.13501241599956437 0
1751106511575 0.13415565400797566 0
1751106521556 0.13492846641960865 0
1751106531379 0.1346671353619472 0
