1751101889359 0.9998206278026905 0
1751101898663 0.9999103139013453 0
1751101908215 0.9999103139013453 0
1751101917445 0.9999103139013453 0
1751101926642 0.9999103139013453 0
1751101935883 0.9999103139013453 0
1751101945234 0.9999103139013453 0
1751101954852 0.9999103139013453 0
1751101965528 0.9997309417040359 0
1751101975403 0.9999103139013453 0
1751101985724 0.9999103139013453 0
1751101995943 0.9998206278026905 0
1751102005431 0.9999103139013453 0
1751102015084 0.9999103139013453 0
1751102024458 0.9999103139013453 0
1751102033769 0.9999103139013453 0
1751102044009 0.9999103139013453 0
1751102053291 0.9999103139013453 0
1751102062438 0.9999103139013453 0
1751102071622 0.9997309417040359 0
1751102080891 0.9999103139013453 0
