1751101887741 0.13463763711613416 0
1751101897056 0.13434718495640652 0
1751101906297 0.1345059981145045 0
1751101915803 0.13495164574048493 0
1751101925011 0.1344751030570283 0
1751101934238 0.13455354305926423 0
1751101943636 0.1348064462286712 0
1751101953158 0.13506622949159208 0
1751101963835 0.13499682070457308 0
1751101973770 0.13454692375323032 0
1751101984092 0.13429843884806794 0
1751101994286 0.13492787940872278 0
1751102003768 0.13504182028180042 0
1751102013462 0.13532469366969674 0
1751102022808 0.13493615663694206 0
1751102032142 0.13480274488223692 0
1751102041780 0.13482223189242074 0
1751102051649 0.13457507134751323 0
1751102060841 0.13461906863865536 0
1751102070016 0.13569651992855514 0
1751102079274 0.13425542106115135 0
