1751101887741 0.999820678544472 0
1751101897056 0.9999103265885853 0
1751101906297 0.9999103265885853 0
1751101915803 0.9999103265885853 0
1751101925011 0.9999103265885853 0
1751101934238 0.9999103265885853 0
1751101943636 0.9999103265885853 0
1751101953158 0.9999103265885853 0
1751101963835 0.999731055856898 0
1751101973770 0.9999103265885853 0
1751101984092 0.9999103358670809 0
1751101994286 0.999820678544472 0
1751102003768 0.9999103265885853 0
1751102013462 0.9999103265885853 0
1751102022808 0.9999103358670809 0
1751102032142 0.9999103358670809 0
1751102041780 0.9999103265885853 0
1751102051649 0.9999103265885853 0
1751102060841 0.9999103265885853 0
1751102070016 0.999731055856898 0
1751102079274 0.9999103358670809 0
