1751108296545 0.9999103265885853 0
1751108307208 0.9999103265885853 0
1751108316835 0.9999103358670809 0
1751108327117 0.9999103265885853 0
1751108336991 0.9999103265885853 0
1751108347021 0.999820678544472 0
1751108356960 0.999820678544472 0
1751108366448 0.9999103265885853 0
1751108375919 0.9999103265885853 0
1751108385369 0.9999103265885853 0
1751108394798 0.9999103358670809 0
1751108404259 0.9999103265885853 0
1751108413746 0.9999103265885853 0
1751108423262 0.9999103358670809 0
1751108433295 0.9999103265885853 0
1751108442847 0.9999103358670809 0
1751108452323 0.9999103265885853 0
1751108462426 0.9999103265885853 0
1751108472314 0.9999103265885853 0
1751108481789 0.9999103358670809 0
1751108491219 0.9999103265885853 0
