1751108296545 0.13552497381285736 0
1751108307208 0.13454177816951016 0
1751108316835 0.13464220367044524 0
1751108327117 0.13526764769573119 0
1751108336991 0.13506708181863694 0
1751108347021 0.13514115918532218 0
1751108356960 0.13485904023136913 0
1751108366448 0.1348424909752129 0
1751108375919 0.13443469124632948 0
1751108385369 0.1346412858586479 0
1751108394798 0.13455977799599084 0
1751108404259 0.13473749139662114 0
1751108413746 0.13543020077672832 0
1751108423262 0.1348616306804423 0
1751108433295 0.13455900886748104 0
1751108442847 0.13480976803692044 0
1751108452323 0.13475672697050806 0
1751108462426 0.1347929684195894 0
1751108472314 0.13503107184529736 0
1751108481789 0.1344329169956569 0
1751108491219 0.13391941466568782 0
