1751108298235 0.9999103139013453 0
1751108308885 0.9999103139013453 0
1751108318752 0.9999103139013453 0
1751108328756 0.9999103139013453 0
1751108338854 0.9999103139013453 0
1751108348685 0.9998206278026905 0
1751108358627 0.9998206278026905 0
1751108368101 0.9999103139013453 0
1751108377569 0.9999103139013453 0
1751108387001 0.9999103139013453 0
1751108396436 0.9999103139013453 0
1751108405896 0.9999103139013453 0
1751108415391 0.9999103139013453 0
1751108424902 0.9999103139013453 0
1751108434945 0.9999103139013453 0
1751108444499 0.9999103139013453 0
1751108453987 0.9999103139013453 0
1751108464429 0.9999103139013453 0
1751108473964 0.9999103139013453 0
1751108483434 0.9999103139013453 0
1751108492859 0.9999103139013453 0
