1751101323296 0.9999998266992416 0
1751101333218 0.9999999826699242 0
1751101342999 0.9999999826699242 0
1751101352464 0.9999999480097725 0
1751101361563 0.9999999133496208 0
1751101370659 0.9999999826699242 0
1751101379908 0.9999999826699242 0
1751101388945 0.9999999826699242 0
1751101398190 0.9999999826699242 0
1751101408354 0.9999999826699242 0
1751101417590 0.9999999480097725 0
1751101426745 0.9999999826699242 0
1751101435755 0.9999999826699242 0
1751101444776 0.9999999826699242 0
1751101453769 0.9999999826699241 0
1751101462793 0.9999999826699242 0
1751101472139 0.9999957194712692 0
1751101481211 0.9999999826699242 0
1751101490302 0.9999999306796966 0
1751101499637 0.9999999826699242 0
1751101510242 0.9999999826699242 0
