1751101324903 0.9997309417040359 0
1751101334841 0.9999103139013453 0
1751101344870 0.9999103139013453 0
1751101354055 0.9999103139013453 0
1751101363157 0.9999103139013453 0
1751101372255 0.9999103139013453 0
1751101381513 0.9999103139013453 0
1751101390551 0.9999103139013453 0
1751101400058 0.9999103139013453 0
1751101409954 0.9999103139013453 0
1751101419192 0.9999103139013453 0
1751101428343 0.9999103139013453 0
1751101437345 0.9999103139013453 0
1751101446371 0.9999103139013453 0
1751101455368 0.9999103139013453 0
1751101464715 0.9999103139013453 0
1751101473738 0.9999103139013453 0
1751101482805 0.9999103139013453 0
1751101491912 0.9998206278026905 0
1751101501479 0.9998206278026905 0
1751101511939 0.9999103139013453 0
