1751101323296 0.13462963184901075 0
1751101333218 0.13525243452644703 0
1751101342999 0.134159515459321 0
1751101352464 0.13508250039773106 0
1751101361563 0.13522243576958795 0
1751101370659 0.13562559732337076 0
1751101379908 0.1346237382281549 0
1751101388945 0.13433427985247534 0
1751101398190 0.1343931988473404 0
1751101408354 0.13499543751868767 0
1751101417590 0.13462628495719473 0
1751101426745 0.1351403667798016 0
1751101435755 0.13464719905471462 0
1751101444776 0.13430404494568915 0
1751101453769 0.13532466365954365 0
1751101462793 0.13488225514530006 0
1751101472139 0.13480618462028907 0
1751101481211 0.13489299215875386 0
1751101490302 0.1345397282490841 0
1751101499637 0.13487658514156514 0
1751101510242 0.13520849040779 0
