1751106820683 0.9999103139013453 0
1751106831118 0.9999103139013453 0
1751106841473 0.9999103139013453 0
1751106851647 0.9999103139013453 0
1751106863362 0.9999103139013453 0
1751106874044 0.9999103139013453 0
1751106883936 0.9999103139013453 0
1751106894130 0.9999103139013453 0
1751106904256 0.9999103139013453 0
1751106914250 0.9999103139013453 0
1751106924190 0.9999103139013453 0
1751106934623 0.9999103139013453 0
1751106944728 0.9999103139013453 0
1751106955355 0.9999103139013453 0
1751106965395 0.9999103139013453 0
1751106975460 0.9999103139013453 0
1751106985850 0.9998206278026905 0
1751106995772 0.9999103139013453 0
1751107005587 0.9999103139013453 0
1751107015419 0.9998206278026905 0
1751107025127 0.9999103139013453 0
