1751106818966 0.9999999480097724 0
1751106829445 0.9999999826699242 0
1751106839467 0.9999999826699242 0
1751106849871 0.9999999826699242 0
1751106861595 0.9999998786894692 0
1751106872248 0.9999999826699242 0
1751106882177 0.9999999826699242 0
1751106892452 0.9999999826699242 0
1751106902485 0.9999999826699243 0
1751106912507 0.9999999480097725 0
1751106922474 0.9999999826699242 0
1751106932897 0.9999999826699242 0
1751106943032 0.9999999826699242 0
1751106953620 0.9999998440293175 0
1751106963673 0.9999999826699242 0
1751106973676 0.9999998093691659 0
1751106984084 0.9999999480097725 0
1751106993770 0.9999999826699242 0
1751107003882 0.9999999826699242 0
1751107013690 0.9999999480097725 0
1751107023446 0.9999999133496208 0
