1751106818966 0.9999103115799275 0
1751106829445 0.9999103115799275 0
1751106839467 0.9999103115799275 0
1751106849871 0.9999103115799275 0
1751106861595 0.9999103115799275 0
1751106872248 0.9999103115799275 0
1751106882177 0.9999103115799275 0
1751106892452 0.9999103115799275 0
1751106902485 0.9999103115799275 0
1751106912507 0.9999103162209687 0
1751106922474 0.9999103115799275 0
1751106932897 0.9999103115799275 0
1751106943032 0.9999103115799275 0
1751106953620 0.9999103115799275 0
1751106963673 0.9999103115799275 0
1751106973676 0.9999103115799275 0
1751106984084 0.99982061851343 0
1751106993770 0.9999103162209687 0
1751107003882 0.9999103115799275 0
1751107013690 0.9998206278026905 0
1751107023446 0.9999103115799275 0
