1751106818966 0.13402739980636785 0
1751106829445 0.13429738931118648 0
1751106839467 0.13523471177613472 0
1751106849871 0.13503033447961824 0
1751106861595 0.13512482070914555 0
1751106872248 0.13454991645453662 0
1751106882177 0.13474008030054022 0
1751106892452 0.13461290901486314 0
1751106902485 0.13437052460320034 0
1751106912507 0.1346809538594801 0
1751106922474 0.13475595600166737 0
1751106932897 0.1348293506230923 0
1751106943032 0.13442703981325596 0
1751106953620 0.13412395938447533 0
1751106963673 0.13505287709096575 0
1751106973676 0.13468139406749435 0
1751106984084 0.1353467247907973 0
1751106993770 0.13469487072134062 0
1751107003882 0.1346736979435704 0
1751107013690 0.13444211948554424 0
1751107023446 0.13542816728746324 0
